# val = ind_lat ind_month val(lev1) val(lev2) ...
# indices one-based
pressure = 1e+05 9e+04 8e+04 7e+04 5e+04 3e+04 2e+04
latitude = -90 -84 -76 -68 -60 -52 -44 -36 -28 -20 -12 -4 4 12 20 28 36 44 52 60 68 76 84 90
number_of_levels = 7
number_of_latitudes = 24
number_of_months = 12
val = 1 1 7.8e-13 8.3e-13 8.3e-13 1.08e-12 1.1e-12 1.28e-12 1.43e-12
val = 2 1 7.8e-13 8.3e-13 8.3e-13 1.06e-12 1.1e-12 1.31e-12 1.48e-12
val = 3 1 6.64e-13 8.3e-13 8.3e-13 1.13e-12 1.21e-12 1.41e-12 1.48e-12
val = 4 1 7.47e-13 1.2e-12 1.21e-12 1.43e-12 1.48e-12 1.59e-12 1.49e-12
val = 5 1 4.98e-13 6.14e-13 8.64e-13 1.64e-12 1.99e-12 1.83e-12 1.54e-12
val = 6 1 6.81e-13 8.47e-13 1.23e-12 2.08e-12 2.57e-12 2.11e-12 1.69e-12
val = 7 1 1.03e-12 1.35e-12 1.83e-12 2.69e-12 3.14e-12 2.36e-12 1.89e-12
val = 8 1 1.59e-12 2.29e-12 3.06e-12 3.5e-12 3.5e-12 2.44e-12 1.96e-12
val = 9 1 1.74e-12 2.62e-12 4.05e-12 4.33e-12 4.04e-12 2.46e-12 1.89e-12
val = 10 1 1.69e-12 2.66e-12 4.07e-12 4.42e-12 4.25e-12 2.42e-12 1.86e-12
val = 11 1 1.48e-12 2.18e-12 3.06e-12 3.79e-12 4.33e-12 2.36e-12 1.84e-12
val = 12 1 1.18e-12 1.81e-12 2.57e-12 3.35e-12 3.82e-12 2.13e-12 1.59e-12
val = 13 1 1.16e-12 1.86e-12 2.56e-12 3.07e-12 3.44e-12 1.86e-12 1.53e-12
val = 14 1 1.66e-12 2.27e-12 2.71e-12 2.66e-12 2.37e-12 1.41e-12 1.2e-12
val = 15 1 1.21e-12 1.53e-12 1.89e-12 2.03e-12 1.66e-12 1.06e-12 9.8e-13
val = 16 1 7.14e-13 8.47e-13 1.03e-12 1.18e-12 1.06e-12 7.47e-13 7.64e-13
val = 17 1 2.82e-13 3.49e-13 5.98e-13 5.48e-13 6.14e-13 5.81e-13 5.81e-13
val = 18 1 1.16e-13 1.49e-13 2.99e-13 2.32e-13 2.66e-13 2.66e-13 2.82e-13
val = 19 1 6.64e-14 6.64e-14 1.33e-13 9.96e-14 9.96e-14 1.16e-13 1.33e-13
val = 20 1 3.32e-14 3.32e-14 3.32e-14 3.32e-14 3.32e-14 3.32e-14 3.32e-14
val = 21 1 0 0 0 0 0 0 0
val = 22 1 0 0 0 0 0 0 0
val = 23 1 0 0 0 0 0 0 0
val = 24 1 0 0 0 0 0 0 0
val = 1 2 5.12e-13 5.44e-13 5.44e-13 7.08e-13 7.18e-13 8.38e-13 9.36e-13
val = 2 2 5.12e-13 5.44e-13 5.44e-13 7.02e-13 7.24e-13 8.6e-13 9.69e-13
val = 3 2 4.41e-13 5.5e-13 5.5e-13 7.46e-13 8.06e-13 9.31e-13 9.8e-13
val = 4 2 5.01e-13 8.01e-13 8.12e-13 9.65e-13 1.01e-12 1.09e-12 1.02e-12
val = 5 2 3.49e-13 4.31e-13 6.06e-13 1.15e-12 1.43e-12 1.32e-12 1.12e-12
val = 6 2 5.09e-13 6.35e-13 9.03e-13 1.52e-12 1.93e-12 1.61e-12 1.3e-12
val = 7 2 8.29e-13 1.06e-12 1.42e-12 2.08e-12 2.49e-12 1.89e-12 1.56e-12
val = 8 2 1.38e-12 1.89e-12 2.46e-12 2.85e-12 2.9e-12 2.06e-12 1.68e-12
val = 9 2 1.59e-12 2.31e-12 3.39e-12 3.65e-12 3.42e-12 2.17e-12 1.73e-12
val = 10 2 1.61e-12 2.47e-12 3.63e-12 3.95e-12 3.74e-12 2.22e-12 1.77e-12
val = 11 2 1.39e-12 2.2e-12 2.91e-12 3.59e-12 3.97e-12 2.23e-12 1.82e-12
val = 12 2 1.18e-12 1.95e-12 2.6e-12 3.39e-12 3.78e-12 2.12e-12 1.65e-12
val = 13 2 1.2e-12 2.03e-12 2.75e-12 3.3e-12 3.6e-12 1.92e-12 1.57e-12
val = 14 2 1.91e-12 2.6e-12 3.04e-12 3.09e-12 2.72e-12 1.52e-12 1.26e-12
val = 15 2 1.66e-12 2.08e-12 2.47e-12 2.68e-12 2.11e-12 1.25e-12 1.1e-12
val = 16 2 1.18e-12 1.4e-12 1.65e-12 1.81e-12 1.54e-12 9.42e-13 8.95e-13
val = 17 2 7e-13 9.09e-13 1.18e-12 1.09e-12 1.05e-12 8.1e-13 7.47e-13
val = 18 2 5.22e-13 5.96e-13 8.25e-13 6.56e-13 6.15e-13 4.94e-13 4.71e-13
val = 19 2 3.24e-13 3.47e-13 4.93e-13 4.09e-13 3.57e-13 3.16e-13 3.16e-13
val = 20 2 2.39e-13 2.56e-13 3.08e-13 2.73e-13 2.22e-13 2.05e-13 2.11e-13
val = 21 2 2.23e-13 2e-13 1.94e-13 1.83e-13 1.26e-13 1.32e-13 1.54e-13
val = 22 2 2.86e-14 4e-14 5.15e-14 8.01e-14 8.01e-14 9.15e-14 1.2e-13
val = 23 2 1.72e-14 2.86e-14 3.43e-14 4.58e-14 5.72e-14 6.29e-14 8.58e-14
val = 24 2 2.29e-14 3.43e-14 4.58e-14 5.72e-14 4.58e-14 5.15e-14 7.44e-14
val = 1 3 2.69e-13 2.86e-13 2.86e-13 3.72e-13 3.78e-13 4.4e-13 4.92e-13
val = 2 3 2.69e-13 2.86e-13 2.86e-13 3.77e-13 3.88e-13 4.52e-13 5.09e-13
val = 3 3 2.4e-13 2.97e-13 2.97e-13 4e-13 4.39e-13 4.97e-13 5.31e-13
val = 4 3 2.79e-13 4.44e-13 4.5e-13 5.46e-13 5.85e-13 6.36e-13 5.91e-13
val = 5 3 2.15e-13 2.66e-13 3.74e-13 7.08e-13 9.15e-13 8.58e-13 7.28e-13
val = 6 3 3.54e-13 4.44e-13 6.08e-13 1.02e-12 1.35e-12 1.16e-12 9.54e-13
val = 7 3 6.49e-13 8.01e-13 1.05e-12 1.53e-12 1.9e-12 1.48e-12 1.26e-12
val = 8 3 1.18e-12 1.53e-12 1.92e-12 2.25e-12 2.35e-12 1.71e-12 1.43e-12
val = 9 3 1.46e-12 2.04e-12 2.8e-12 3.03e-12 2.87e-12 1.9e-12 1.59e-12
val = 10 3 1.53e-12 2.31e-12 3.23e-12 3.52e-12 3.28e-12 2.03e-12 1.69e-12
val = 11 3 1.3e-12 2.23e-12 2.78e-12 3.42e-12 3.65e-12 2.12e-12 1.8e-12
val = 12 3 1.18e-12 2.08e-12 2.63e-12 3.42e-12 3.74e-12 2.11e-12 1.7e-12
val = 13 3 1.24e-12 2.18e-12 2.93e-12 3.5e-12 3.74e-12 1.98e-12 1.61e-12
val = 14 3 2.13e-12 2.9e-12 3.34e-12 3.47e-12 3.04e-12 1.62e-12 1.33e-12
val = 15 3 2.06e-12 2.58e-12 2.98e-12 3.28e-12 2.51e-12 1.41e-12 1.21e-12
val = 16 3 1.6e-12 1.9e-12 2.22e-12 2.38e-12 1.98e-12 1.12e-12 1.01e-12
val = 17 3 1.08e-12 1.42e-12 1.71e-12 1.57e-12 1.44e-12 1.02e-12 8.97e-13
val = 18 3 8.89e-13 9.99e-13 1.3e-12 1.04e-12 9.3e-13 7.01e-13 6.42e-13
val = 19 3 5.56e-13 6e-13 8.19e-13 6.87e-13 5.9e-13 4.97e-13 4.81e-13
val = 20 3 4.25e-13 4.58e-13 5.56e-13 4.9e-13 3.92e-13 3.6e-13 3.71e-13
val = 21 3 4.25e-13 3.81e-13 3.7e-13 3.48e-13 2.39e-13 2.5e-13 2.94e-13
val = 22 3 5.44e-14 7.62e-14 9.8e-14 1.52e-13 1.52e-13 1.74e-13 2.29e-13
val = 23 3 3.27e-14 5.44e-14 6.53e-14 8.71e-14 1.09e-13 1.2e-13 1.63e-13
val = 24 3 4.35e-14 6.53e-14 8.71e-14 1.09e-13 8.71e-14 9.8e-14 1.42e-13
val = 1 4 0 0 0 0 0 0 0
val = 2 4 0 0 0 1.66e-14 1.66e-14 0 0
val = 3 4 1.66e-14 1.66e-14 1.66e-14 1.66e-14 3.32e-14 1.66e-14 3.32e-14
val = 4 4 3.32e-14 4.98e-14 4.98e-14 8.3e-14 1.16e-13 1.33e-13 1.16e-13
val = 5 4 6.64e-14 8.3e-14 1.16e-13 2.16e-13 3.49e-13 3.49e-13 2.99e-13
val = 6 4 1.83e-13 2.32e-13 2.82e-13 4.65e-13 7.14e-13 6.64e-13 5.65e-13
val = 7 4 4.48e-13 5.15e-13 6.48e-13 9.13e-13 1.25e-12 1.01e-12 9.3e-13
val = 8 4 9.63e-13 1.13e-12 1.33e-12 1.59e-12 1.74e-12 1.33e-12 1.15e-12
val = 9 4 1.31e-12 1.73e-12 2.14e-12 2.34e-12 2.26e-12 1.61e-12 1.43e-12
val = 10 4 1.44e-12 2.13e-12 2.79e-12 3.06e-12 2.77e-12 1.83e-12 1.59e-12
val = 11 4 1.21e-12 2.26e-12 2.64e-12 3.22e-12 3.29e-12 1.99e-12 1.78e-12
val = 12 4 1.18e-12 2.23e-12 2.66e-12 3.45e-12 3.7e-12 2.11e-12 1.76e-12
val = 13 4 1.28e-12 2.34e-12 3.12e-12 3.72e-12 3.9e-12 2.04e-12 1.66e-12
val = 14 4 2.37e-12 3.22e-12 3.67e-12 3.9e-12 3.39e-12 1.73e-12 1.39e-12
val = 15 4 2.51e-12 3.14e-12 3.55e-12 3.94e-12 2.96e-12 1.59e-12 1.33e-12
val = 16 4 2.06e-12 2.46e-12 2.84e-12 3.01e-12 2.46e-12 1.31e-12 1.15e-12
val = 17 4 1.49e-12 1.98e-12 2.29e-12 2.11e-12 1.88e-12 1.25e-12 1.06e-12
val = 18 4 1.3e-12 1.44e-12 1.83e-12 1.46e-12 1.28e-12 9.3e-13 8.3e-13
val = 19 4 8.14e-13 8.8e-13 1.18e-12 9.96e-13 8.47e-13 6.97e-13 6.64e-13
val = 20 4 6.31e-13 6.81e-13 8.3e-13 7.31e-13 5.81e-13 5.31e-13 5.48e-13
val = 21 4 6.48e-13 5.81e-13 5.65e-13 5.31e-13 3.65e-13 3.82e-13 4.48e-13
val = 22 4 8.3e-14 1.16e-13 1.49e-13 2.32e-13 2.32e-13 2.66e-13 3.49e-13
val = 23 4 4.98e-14 8.3e-14 9.96e-14 1.33e-13 1.66e-13 1.83e-13 2.49e-13
val = 24 4 6.64e-14 9.96e-14 1.33e-13 1.66e-13 1.33e-13 1.49e-13 2.16e-13
val = 1 5 0 0 0 0 0 0 0
val = 2 5 0 0 0 1.11e-14 1.11e-14 0 0
val = 3 5 1.11e-14 1.11e-14 1.11e-14 1.11e-14 2.23e-14 1.11e-14 2.23e-14
val = 4 5 2.23e-14 3.34e-14 3.34e-14 5.57e-14 7.79e-14 8.91e-14 7.79e-14
val = 5 5 5e-14 6.11e-14 8.34e-14 1.56e-13 2.5e-13 2.45e-13 2.11e-13
val = 6 5 1.39e-13 1.72e-13 2.11e-13 3.5e-13 5.39e-13 5e-13 4.28e-13
val = 7 5 3.5e-13 8.93e-13 5e-13 7.16e-13 9.77e-13 7.99e-13 7.27e-13
val = 8 5 7.88e-13 9.1e-13 1.07e-12 1.29e-12 1.42e-12 1.09e-12 9.49e-13
val = 9 5 1.13e-12 1.46e-12 1.78e-12 1.96e-12 1.9e-12 1.4e-12 1.27e-12
val = 10 5 1.4e-12 2.02e-12 2.57e-12 2.77e-12 2.48e-12 1.7e-12 1.5e-12
val = 11 5 1.35e-12 2.27e-12 2.74e-12 3.13e-12 3.07e-12 1.91e-12 1.73e-12
val = 12 5 1.36e-12 2.33e-12 2.9e-12 3.48e-12 3.58e-12 2.09e-12 1.78e-12
val = 13 5 1.42e-12 2.37e-12 3.14e-12 3.71e-12 3.89e-12 2.08e-12 1.67e-12
val = 14 5 2.19e-12 3.06e-12 3.56e-12 3.95e-12 3.63e-12 1.9e-12 1.48e-12
val = 15 5 2.39e-12 3.07e-12 3.58e-12 4.09e-12 3.34e-12 1.82e-12 1.44e-12
val = 16 5 2.07e-12 2.63e-12 3.15e-12 3.37e-12 2.92e-12 1.55e-12 1.25e-12
val = 17 5 1.82e-12 2.68e-12 3.06e-12 2.95e-12 2.63e-12 1.62e-12 1.33e-12
val = 18 5 1.54e-12 2.23e-12 2.7e-12 2.35e-12 2.07e-12 1.31e-12 1.1e-12
val = 19 5 8.85e-13 1.24e-12 1.86e-12 1.73e-12 1.53e-12 1.05e-12 9.16e-13
val = 20 5 7.62e-13 1.04e-12 1.44e-12 1.42e-12 1.23e-12 8.6e-13 8.05e-13
val = 21 5 8.39e-13 1.02e-12 1.14e-12 1.2e-12 9.68e-13 7.05e-13 7.22e-13
val = 22 5 2.58e-13 3.57e-13 4.78e-13 6.87e-13 7.85e-13 5.94e-13 6.94e-13
val = 23 5 2.41e-13 3.4e-13 4.17e-13 5.6e-13 7.08e-13 5.44e-13 6.87e-13
val = 24 5 3.46e-13 4.72e-13 5.43e-13 6.59e-13 6.2e-13 4.78e-13 6.26e-13
val = 1 6 0 0 0 0 0 0 0
val = 2 6 0 0 0 5.47e-15 5.47e-15 0 0
val = 3 6 5.47e-15 5.47e-15 5.47e-15 5.47e-15 1.09e-14 5.47e-15 1.09e-14
val = 4 6 1.09e-14 1.64e-14 1.64e-14 2.74e-14 3.83e-14 4.38e-14 3.83e-14
val = 5 6 3.3e-14 3.85e-14 4.95e-14 9.34e-14 1.48e-13 1.37e-13 1.21e-13
val = 6 6 9.36e-14 1.1e-13 1.38e-13 2.31e-13 3.58e-13 3.3e-13 2.86e-13
val = 7 6 2.48e-13 1.28e-12 3.47e-13 5.13e-13 7e-13 5.79e-13 5.18e-13
val = 8 6 6.07e-13 6.84e-13 7.94e-13 9.71e-13 1.09e-12 8.5e-13 7.45e-13
val = 9 6 9.33e-13 1.19e-12 1.4e-12 1.56e-12 1.53e-12 1.18e-12 1.12e-12
val = 10 6 1.36e-12 1.91e-12 2.33e-12 2.47e-12 2.17e-12 1.56e-12 1.39e-12
val = 11 6 1.5e-12 2.28e-12 2.85e-12 3.04e-12 2.85e-12 1.83e-12 1.69e-12
val = 12 6 1.55e-12 2.45e-12 3.15e-12 3.51e-12 3.46e-12 2.08e-12 1.79e-12
val = 13 6 1.57e-12 2.4e-12 3.17e-12 3.71e-12 3.87e-12 2.11e-12 1.68e-12
val = 14 6 2e-12 2.89e-12 3.45e-12 4e-12 3.88e-12 2.08e-12 1.57e-12
val = 15 6 2.27e-12 2.99e-12 3.61e-12 4.25e-12 3.74e-12 2.05e-12 1.55e-12
val = 16 6 2.08e-12 2.8e-12 3.46e-12 3.74e-12 3.4e-12 1.8e-12 1.36e-12
val = 17 6 2.15e-12 3.4e-12 3.86e-12 3.81e-12 3.4e-12 2.01e-12 1.61e-12
val = 18 6 1.8e-12 3.05e-12 3.6e-12 3.28e-12 2.88e-12 1.71e-12 1.39e-12
val = 19 6 9.58e-13 1.6e-12 2.56e-12 2.49e-12 2.23e-12 1.41e-12 1.18e-12
val = 20 6 8.98e-13 1.4e-12 2.08e-12 2.13e-12 1.89e-12 1.2e-12 1.07e-12
val = 21 6 1.04e-12 1.48e-12 1.73e-12 1.89e-12 1.59e-12 1.04e-12 1e-12
val = 22 6 4.39e-13 6.06e-13 8.17e-13 1.16e-12 1.36e-12 9.34e-13 1.05e-12
val = 23 6 4.39e-13 6.06e-13 7.45e-13 1e-12 1.27e-12 9.17e-13 1.14e-12
val = 24 6 6.34e-13 8.57e-13 9.68e-13 1.17e-12 1.12e-12 8.17e-13 1.05e-12
val = 1 7 0 0 0 0 0 0 0
val = 2 7 0 0 0 0 0 0 0
val = 3 7 0 0 0 0 0 0 0
val = 4 7 0 0 0 0 0 0 0
val = 5 7 1.66e-14 1.66e-14 1.66e-14 3.32e-14 4.98e-14 3.32e-14 3.32e-14
val = 6 7 4.98e-14 4.98e-14 6.64e-14 1.16e-13 1.83e-13 1.66e-13 1.49e-13
val = 7 7 1.49e-13 1.66e-12 1.99e-13 3.16e-13 4.32e-13 3.65e-13 3.16e-13
val = 8 7 4.32e-13 4.65e-13 5.31e-13 6.64e-13 7.64e-13 6.14e-13 5.48e-13
val = 9 7 7.47e-13 9.3e-13 1.03e-12 1.18e-12 1.18e-12 9.63e-13 9.63e-13
val = 10 7 1.31e-12 1.81e-12 2.11e-12 2.18e-12 1.88e-12 1.43e-12 1.3e-12
val = 11 7 1.64e-12 2.29e-12 2.96e-12 2.96e-12 2.64e-12 1.74e-12 1.64e-12
val = 12 7 1.73e-12 2.56e-12 3.39e-12 3.54e-12 3.34e-12 2.06e-12 1.81e-12
val = 13 7 1.71e-12 2.42e-12 3.19e-12 3.7e-12 3.85e-12 2.14e-12 1.69e-12
val = 14 7 1.81e-12 2.72e-12 3.34e-12 4.05e-12 4.12e-12 2.26e-12 1.66e-12
val = 15 7 2.16e-12 2.92e-12 3.64e-12 4.4e-12 4.12e-12 2.27e-12 1.66e-12
val = 16 7 2.09e-12 2.97e-12 3.77e-12 4.1e-12 3.87e-12 2.04e-12 1.46e-12
val = 17 7 2.47e-12 4.1e-12 4.63e-12 4.65e-12 4.15e-12 2.39e-12 1.88e-12
val = 18 7 2.04e-12 3.84e-12 4.47e-12 4.17e-12 3.67e-12 2.09e-12 1.66e-12
val = 19 7 1.03e-12 1.96e-12 3.24e-12 3.22e-12 2.91e-12 1.76e-12 1.43e-12
val = 20 7 1.03e-12 1.76e-12 2.69e-12 2.82e-12 2.54e-12 1.53e-12 1.33e-12
val = 21 7 1.23e-12 1.93e-12 2.31e-12 2.56e-12 2.19e-12 1.36e-12 1.28e-12
val = 22 7 6.14e-13 8.47e-13 1.15e-12 1.61e-12 1.91e-12 1.26e-12 1.39e-12
val = 23 7 6.31e-13 8.64e-13 1.06e-12 1.43e-12 1.81e-12 1.28e-12 1.58e-12
val = 24 7 9.13e-13 1.23e-12 1.38e-12 1.66e-12 1.61e-12 1.15e-12 1.46e-12
val = 1 8 0 3.36e-14 3.92e-14 4.48e-14 6.15e-14 9.51e-14 8.95e-14
val = 2 8 0 5.04e-14 5.04e-14 5.6e-14 7.27e-14 1.29e-13 1.23e-13
val = 3 8 6.71e-14 8.95e-14 5.6e-14 9.51e-14 1.06e-13 1.9e-13 1.9e-13
val = 4 8 1.51e-13 1.9e-13 1.85e-13 2.07e-13 2.01e-13 2.97e-13 2.91e-13
val = 5 8 1.62e-13 1.73e-13 1.9e-13 2.74e-13 3.35e-13 3.35e-13 3.07e-13
val = 6 8 2.01e-13 2.29e-13 2.96e-13 4.63e-13 5.41e-13 4.46e-13 3.96e-13
val = 7 8 3.73e-13 1.41e-12 5.24e-13 7.8e-13 8.79e-13 6.45e-13 5.51e-13
val = 8 8 7.34e-13 8.34e-13 9.68e-13 1.2e-12 1.26e-12 9.05e-13 7.77e-13
val = 9 8 1.01e-12 1.34e-12 1.58e-12 1.86e-12 1.74e-12 1.23e-12 1.15e-12
val = 10 8 1.6e-12 2.29e-12 2.73e-12 2.96e-12 2.49e-12 1.71e-12 1.44e-12
val = 11 8 1.86e-12 2.61e-12 3.39e-12 3.62e-12 3.24e-12 1.93e-12 1.71e-12
val = 12 8 1.78e-12 2.73e-12 3.62e-12 3.95e-12 3.78e-12 2.17e-12 1.83e-12
val = 13 8 1.6e-12 2.36e-12 3.18e-12 3.78e-12 3.96e-12 2.11e-12 1.68e-12
val = 14 8 1.75e-12 2.66e-12 3.19e-12 3.76e-12 3.86e-12 2.09e-12 1.59e-12
val = 15 8 2e-12 2.72e-12 3.27e-12 3.81e-12 3.55e-12 2e-12 1.55e-12
val = 16 8 1.91e-12 2.64e-12 3.25e-12 3.46e-12 3.2e-12 1.75e-12 1.33e-12
val = 17 8 1.99e-12 3.18e-12 3.64e-12 3.6e-12 3.26e-12 1.99e-12 1.66e-12
val = 18 8 1.6e-12 2.81e-12 3.33e-12 3.06e-12 2.75e-12 1.66e-12 1.39e-12
val = 19 8 7.78e-13 1.41e-12 2.31e-12 2.28e-12 2.1e-12 1.32e-12 1.11e-12
val = 20 8 7.27e-13 1.22e-12 1.85e-12 1.94e-12 1.77e-12 1.09e-12 9.65e-13
val = 21 8 8.43e-13 1.31e-12 1.56e-12 1.73e-12 1.48e-12 9.25e-13 8.81e-13
val = 22 8 4.13e-13 5.67e-13 7.65e-13 1.07e-12 1.27e-12 8.42e-13 9.3e-13
val = 23 8 4.18e-13 5.73e-13 7.05e-13 9.47e-13 1.2e-12 8.48e-13 1.05e-12
val = 24 8 6.06e-13 8.15e-13 9.14e-13 1.1e-12 1.07e-12 7.6e-13 9.69e-13
val = 1 9 0 6.71e-14 7.83e-14 8.95e-14 1.23e-13 1.9e-13 1.79e-13
val = 2 9 0 1.01e-13 1.01e-13 1.12e-13 1.45e-13 2.57e-13 2.46e-13
val = 3 9 1.34e-13 1.79e-13 1.12e-13 1.9e-13 2.13e-13 3.8e-13 3.8e-13
val = 4 9 3.02e-13 3.8e-13 3.69e-13 4.14e-13 4.03e-13 5.93e-13 5.82e-13
val = 5 9 3.08e-13 3.3e-13 3.64e-13 5.14e-13 6.21e-13 6.38e-13 5.82e-13
val = 6 9 3.52e-13 4.08e-13 5.25e-13 8.1e-13 8.99e-13 7.26e-13 6.42e-13
val = 7 9 5.97e-13 1.17e-12 8.48e-13 1.24e-12 1.33e-12 9.25e-13 7.86e-13
val = 8 9 1.04e-12 1.2e-12 1.4e-12 1.73e-12 1.75e-12 1.2e-12 1.01e-12
val = 9 9 1.27e-12 1.76e-12 2.13e-12 2.54e-12 2.31e-12 1.5e-12 1.33e-12
val = 10 9 1.89e-12 2.77e-12 3.35e-12 3.74e-12 3.1e-12 1.99e-12 1.59e-12
val = 11 9 2.07e-12 2.93e-12 3.82e-12 4.28e-12 3.85e-12 2.12e-12 1.78e-12
val = 12 9 1.84e-12 2.9e-12 3.85e-12 4.37e-12 4.22e-12 2.27e-12 1.84e-12
val = 13 9 1.5e-12 2.3e-12 3.18e-12 3.86e-12 4.07e-12 2.09e-12 1.66e-12
val = 14 9 1.7e-12 2.6e-12 3.04e-12 3.46e-12 3.59e-12 1.92e-12 1.53e-12
val = 15 9 1.83e-12 2.51e-12 2.9e-12 3.23e-12 2.98e-12 1.73e-12 1.44e-12
val = 16 9 1.73e-12 2.31e-12 2.74e-12 2.81e-12 2.53e-12 1.45e-12 1.2e-12
val = 17 9 1.51e-12 2.27e-12 2.64e-12 2.55e-12 2.36e-12 1.6e-12 1.45e-12
val = 18 9 1.16e-12 1.78e-12 2.18e-12 1.95e-12 1.83e-12 1.23e-12 1.11e-12
val = 19 9 5.26e-13 8.52e-13 1.38e-12 1.34e-12 1.29e-12 8.87e-13 7.9e-13
val = 20 9 4.25e-13 6.75e-13 1.01e-12 1.05e-12 9.96e-13 6.44e-13 6.01e-13
val = 21 9 4.57e-13 6.84e-13 8.09e-13 9.01e-13 7.71e-13 4.89e-13 4.84e-13
val = 22 9 2.12e-13 2.87e-13 3.85e-13 5.36e-13 6.34e-13 4.23e-13 4.66e-13
val = 23 9 2.06e-13 2.82e-13 3.47e-13 4.66e-13 5.9e-13 4.17e-13 5.14e-13
val = 24 9 2.98e-13 4.01e-13 4.49e-13 5.41e-13 5.25e-13 3.74e-13 4.77e-13
val = 1 10 0 9.96e-14 1.16e-13 1.33e-13 1.83e-13 2.82e-13 2.66e-13
val = 2 10 0 1.49e-13 1.49e-13 1.66e-13 2.16e-13 3.82e-13 3.65e-13
val = 3 10 1.99e-13 2.66e-13 1.66e-13 2.82e-13 3.16e-13 5.65e-13 5.65e-13
val = 4 10 4.48e-13 5.65e-13 5.48e-13 6.14e-13 5.98e-13 8.8e-13 8.64e-13
val = 5 10 4.48e-13 4.82e-13 5.31e-13 7.47e-13 8.97e-13 9.3e-13 8.47e-13
val = 6 10 4.98e-13 5.81e-13 7.47e-13 1.15e-12 1.25e-12 9.96e-13 8.8e-13
val = 7 10 8.14e-13 9.3e-13 1.16e-12 1.69e-12 1.76e-12 1.2e-12 1.01e-12
val = 8 10 1.33e-12 1.56e-12 1.83e-12 2.24e-12 2.23e-12 1.48e-12 1.23e-12
val = 9 10 1.53e-12 2.16e-12 2.66e-12 3.2e-12 2.86e-12 1.76e-12 1.51e-12
val = 10 10 2.18e-12 3.24e-12 3.95e-12 4.5e-12 3.69e-12 2.26e-12 1.73e-12
val = 11 10 2.27e-12 3.24e-12 4.23e-12 4.92e-12 4.43e-12 2.31e-12 1.84e-12
val = 12 10 1.89e-12 3.07e-12 4.07e-12 4.77e-12 4.65e-12 2.37e-12 1.86e-12
val = 13 10 1.39e-12 2.24e-12 3.17e-12 3.94e-12 4.17e-12 2.06e-12 1.64e-12
val = 14 10 1.64e-12 2.54e-12 2.89e-12 3.17e-12 3.34e-12 1.76e-12 1.46e-12
val = 15 10 1.68e-12 2.31e-12 2.54e-12 2.66e-12 2.42e-12 1.46e-12 1.33e-12
val = 16 10 1.56e-12 1.99e-12 2.24e-12 2.19e-12 1.88e-12 1.16e-12 1.08e-12
val = 17 10 1.05e-12 1.38e-12 1.68e-12 1.53e-12 1.49e-12 1.21e-12 1.25e-12
val = 18 10 7.31e-13 7.8e-13 1.08e-12 8.8e-13 9.47e-13 8.14e-13 8.47e-13
val = 19 10 2.82e-13 3.16e-13 4.82e-13 4.32e-13 5.15e-13 4.65e-13 4.82e-13
val = 20 10 1.33e-13 1.49e-13 1.99e-13 1.99e-13 2.49e-13 2.16e-13 2.49e-13
val = 21 10 8.3e-14 8.3e-14 8.3e-14 9.96e-14 8.3e-14 6.64e-14 9.96e-14
val = 22 10 1.66e-14 1.66e-14 1.66e-14 1.66e-14 1.66e-14 1.66e-14 1.66e-14
val = 23 10 0 0 0 0 0 0 0
val = 24 10 0 0 0 0 0 0 0
val = 1 11 2.63e-13 3.46e-13 3.57e-13 4.52e-13 4.9e-13 6.18e-13 6.57e-13
val = 2 11 2.63e-13 3.79e-13 3.79e-13 4.68e-13 5.12e-13 6.95e-13 7.4e-13
val = 3 11 3.56e-13 4.56e-13 3.9e-13 5.68e-13 6.18e-13 8.5e-13 8.72e-13
val = 4 11 5.49e-13 7.77e-13 7.72e-13 8.89e-13 8.94e-13 1.12e-12 1.08e-12
val = 5 11 4.65e-13 5.26e-13 6.43e-13 1.05e-12 1.27e-12 1.23e-12 1.08e-12
val = 6 11 5.6e-13 6.71e-13 9.1e-13 1.46e-12 1.69e-12 1.37e-12 1.15e-12
val = 7 11 8.86e-13 1.07e-12 1.39e-12 2.03e-12 2.22e-12 1.59e-12 1.31e-12
val = 8 11 1.42e-12 1.81e-12 2.24e-12 2.67e-12 2.66e-12 1.8e-12 1.48e-12
val = 9 11 1.6e-12 2.32e-12 3.13e-12 3.59e-12 3.25e-12 2e-12 1.64e-12
val = 10 11 2.01e-12 3.04e-12 3.99e-12 4.47e-12 3.88e-12 2.31e-12 1.77e-12
val = 11 11 2.01e-12 2.88e-12 3.84e-12 4.53e-12 4.4e-12 2.32e-12 1.84e-12
val = 12 11 1.65e-12 2.65e-12 3.56e-12 4.29e-12 4.37e-12 2.29e-12 1.77e-12
val = 13 11 1.32e-12 2.11e-12 2.96e-12 3.64e-12 3.92e-12 1.99e-12 1.6e-12
val = 14 11 1.65e-12 2.45e-12 2.83e-12 3e-12 3.01e-12 1.64e-12 1.37e-12
val = 15 11 1.52e-12 2.05e-12 2.32e-12 2.44e-12 2.17e-12 1.33e-12 1.21e-12
val = 16 11 1.28e-12 1.61e-12 1.83e-12 1.85e-12 1.6e-12 1.02e-12 9.73e-13
val = 17 11 7.89e-13 1.03e-12 1.31e-12 1.2e-12 1.2e-12 1e-12 1.02e-12
val = 18 11 5.24e-13 5.68e-13 8.16e-13 6.62e-13 7.17e-13 6.29e-13 6.57e-13
val = 19 11 2.1e-13 2.32e-13 3.64e-13 3.2e-13 3.75e-13 3.47e-13 3.64e-13
val = 20 11 9.93e-14 1.1e-13 1.43e-13 1.43e-13 1.76e-13 1.54e-13 1.76e-13
val = 21 11 5.51e-14 5.51e-14 5.51e-14 6.61e-14 5.51e-14 4.4e-14 6.61e-14
val = 22 11 1.1e-14 1.1e-14 1.1e-14 1.1e-14 1.1e-14 1.1e-14 1.1e-14
val = 23 11 0 0 0 0 0 0 0
val = 24 11 0 0 0 0 0 0 0
val = 1 12 5.17e-13 5.84e-13 5.9e-13 7.6e-13 7.88e-13 9.43e-13 1.04e-12
val = 2 12 5.17e-13 6.01e-13 6.01e-13 7.61e-13 7.99e-13 9.99e-13 1.1e-12
val = 3 12 5.08e-13 6.4e-13 6.06e-13 8.44e-13 9.1e-13 1.13e-12 1.17e-12
val = 4 12 6.47e-13 9.83e-13 9.88e-13 1.15e-12 1.18e-12 1.35e-12 1.28e-12
val = 5 12 4.81e-13 5.7e-13 7.52e-13 1.34e-12 1.62e-12 1.52e-12 1.31e-12
val = 6 12 6.19e-13 7.57e-13 1.07e-12 1.76e-12 2.13e-12 1.73e-12 1.42e-12
val = 7 12 9.57e-13 1.21e-12 1.6e-12 2.35e-12 2.67e-12 1.97e-12 1.6e-12
val = 8 12 1.5e-12 2.05e-12 2.64e-12 3.08e-12 3.07e-12 2.12e-12 1.71e-12
val = 9 12 1.67e-12 2.47e-12 3.58e-12 3.95e-12 3.64e-12 2.22e-12 1.76e-12
val = 10 12 1.86e-12 2.85e-12 4.03e-12 4.45e-12 4.06e-12 2.37e-12 1.82e-12
val = 11 12 1.75e-12 2.53e-12 3.45e-12 4.17e-12 4.37e-12 2.34e-12 1.84e-12
val = 12 12 1.42e-12 2.24e-12 3.08e-12 3.83e-12 4.1e-12 2.21e-12 1.68e-12
val = 13 12 1.24e-12 1.99e-12 2.76e-12 3.36e-12 3.68e-12 1.93e-12 1.57e-12
val = 14 12 1.65e-12 2.36e-12 2.77e-12 2.83e-12 2.7e-12 1.53e-12 1.29e-12
val = 15 12 1.37e-12 1.79e-12 2.11e-12 2.24e-12 1.92e-12 1.2e-12 1.1e-12
val = 16 12 9.99e-13 1.23e-12 1.44e-12 1.52e-12 1.34e-12 8.87e-13 8.7e-13
val = 17 12 5.4e-13 6.96e-13 9.62e-13 8.78e-13 9.11e-13 7.94e-13 8.05e-13
val = 18 12 3.23e-13 3.62e-13 5.62e-13 4.51e-13 4.95e-13 4.5e-13 4.73e-13
val = 19 12 1.39e-13 1.5e-13 2.5e-13 2.12e-13 2.4e-13 2.34e-13 2.5e-13
val = 20 12 6.68e-14 7.24e-14 8.92e-14 8.92e-14 1.06e-13 9.48e-14 1.06e-13
val = 21 12 2.8e-14 2.8e-14 2.8e-14 3.36e-14 2.8e-14 2.24e-14 3.36e-14
val = 22 12 5.6e-15 5.6e-15 5.6e-15 5.6e-15 5.6e-15 5.6e-15 5.6e-15
val = 23 12 0 0 0 0 0 0 0
val = 24 12 0 0 0 0 0 0 0
